# for loop
# (0,5)
for i in range(0,5):
    print(i+3)

OUTPUT:
3
4
5
6
7

# for i in range(0,30)
i=i+5
print(i)
OUTPUT:
6
8
7
9



#print natural numbers 1 to 100

    i=0
    while(i<100):
        i=i+1
        print(i,end=" ")


OUTPUT:
1 2 3 4 5 6 7 8 9 10 11 12 13 14 15 16 17 18 19 20 21 22 23 24 25 26 27 28 29 30 31 32 33 34 35 36 37 38 39 40 41 42 43 44 45 46 47 48 49 50 51 52 53 54 55 56 57 58 59 60 61 62 63 64 65 66 67 68 69 70 71 72 73 74 75 76 77 78 79 80 81 82 83 84 85 86 87 88 89 90 91 92 93 94 95 96 97 98 99 100





# while loop

sum=0
n=1385
while(n>0):
    digit=n%10
    sum=sum+digit
    n=n//10
print(sum)


OUTPUT:1 2 3 4 5 6 7 8 9 10 11 12 13 14 15 16 17 18 19 20 21 22 23 24 25 26 27 28 29 30 31 32 33 34 35 36 37 38 39 40 41 42 43 44 45 46 47 48 49 50 51 52 53 54 55 56 57 58 59 60 61 62 63 64 65 66 67 68 69 70 71 72 73 74 75 76 77 78 79 80 81 82 83 84 85 86 87 88 89 90 91 92 93 94 95 96 97 98 99 100 17



# for count

count=0
n=1385
while(n>0):
    digit=n%10
    count=count+1
    n=n//10
print(count)


OUTPUT:4